<<<<<<< HEAD
1112111111111111111111111
0005000000000000000000000
=======
1111111111111111111111111
0000000000000000000000000
>>>>>>> 0d94d65b6e05eab398b6b687242595842ef95b31
1111111113444411111111130
0000000013000010000001030
0031113013000010311301030
0030003013000010300301030
0030003011111110300301030
0030003000000000300301030
1111311111111111111111131
1111311111111111111111131
1111311111111111111111131
0000300000000000100000030
0444300003444300100000030
0000311103000300100000030
1110300003000300100000030
0000300003000300100000030
1111111111111111111111111